  1     14
  2     16
  3     46
  4     48
  5     78
  6     80
  7    110
  8    112
  9     12
 10     18
 11     44
 12     50
 13     76
 14     82
 15    108
 16    114
 17     10
 18     20
 19     42
 20     52
 21     74
 22     84
 23    106
 24    116
 25      8
 26     22
 27     40
 28     54
 29     72
 30     86
 31    104
 32    118
 33      6
 34     24
 35     38
 36     56
 37     70
 38     88
 39    102
 40    120
 41      4
 42     26
 43     36
 44     58
 45     68
 46     90
 47    100
 48    122
 49      2
 50     28
 51     34
 52     60
 53     66
 54     92
 55     98
 56    124
 57      0
 58     30
 59     32
 60     62
 61     64
 62     94
 63     96
 64    126
