  1     78
  2     80
  3    110
  4    112
  5    270
  6    272
  7    302
  8    304
  9     76
 10     82
 11    108
 12    114
 13    268
 14    274
 15    300
 16    306
 17     74
 18     84
 19    106
 20    116
 21    266
 22    276
 23    298
 24    308
 25     72
 26     86
 27    104
 28    118
 29    264
 30    278
 31    296
 32    310
 33     70
 34     88
 35    102
 36    120
 37    262
 38    280
 39    294
 40    312
 41     68
 42     90
 43    100
 44    122
 45    260
 46    282
 47    292
 48    314
 49     66
 50     92
 51     98
 52    124
 53    258
 54    284
 55    290
 56    316
 57     64
 58     94
 59     96
 60    126
 61    256
 62    286
 63    288
 64    318
