  1    334
  2    336
  3    366
  4    368
  5    526
  6    528
  7    558
  8    560
  9    332
 10    338
 11    364
 12    370
 13    524
 14    530
 15    556
 16    562
 17    330
 18    340
 19    362
 20    372
 21    522
 22    532
 23    554
 24    564
 25    328
 26    342
 27    360
 28    374
 29    520
 30    534
 31    552
 32    566
 33    326
 34    344
 35    358
 36    376
 37    518
 38    536
 39    550
 40    568
 41    324
 42    346
 43    356
 44    378
 45    516
 46    538
 47    548
 48    570
 49    322
 50    348
 51    354
 52    380
 53    514
 54    540
 55    546
 56    572
 57    320
 58    350
 59    352
 60    382
 61    512
 62    542
 63    544
 64    574
