  1    142
  2    144
  3    174
  4    176
  5    206
  6    208
  7    238
  8    240
  9    140
 10    146
 11    172
 12    178
 13    204
 14    210
 15    236
 16    242
 17    138
 18    148
 19    170
 20    180
 21    202
 22    212
 23    234
 24    244
 25    136
 26    150
 27    168
 28    182
 29    200
 30    214
 31    232
 32    246
 33    134
 34    152
 35    166
 36    184
 37    198
 38    216
 39    230
 40    248
 41    132
 42    154
 43    164
 44    186
 45    196
 46    218
 47    228
 48    250
 49    130
 50    156
 51    162
 52    188
 53    194
 54    220
 55    226
 56    252
 57    128
 58    158
 59    160
 60    190
 61    192
 62    222
 63    224
 64    254
