  1    398
  2    400
  3    430
  4    432
  5    462
  6    464
  7    494
  8    496
  9    396
 10    402
 11    428
 12    434
 13    460
 14    466
 15    492
 16    498
 17    394
 18    404
 19    426
 20    436
 21    458
 22    468
 23    490
 24    500
 25    392
 26    406
 27    424
 28    438
 29    456
 30    470
 31    488
 32    502
 33    390
 34    408
 35    422
 36    440
 37    454
 38    472
 39    486
 40    504
 41    388
 42    410
 43    420
 44    442
 45    452
 46    474
 47    484
 48    506
 49    386
 50    412
 51    418
 52    444
 53    450
 54    476
 55    482
 56    508
 57    384
 58    414
 59    416
 60    446
 61    448
 62    478
 63    480
 64    510
