  1    590
  2    592
  3    622
  4    624
  5    796
  6    798
  7    828
  8    830
  9    588
 10    594
 11    620
 12    626
 13    792
 14    794
 15    824
 16    826
 17    586
 18    596
 19    618
 20    628
 21    788
 22    790
 23    820
 24    822
 25    584
 26    598
 27    616
 28    630
 29    784
 30    786
 31    816
 32    818
 33    582
 34    600
 35    614
 36    632
 37    780
 38    782
 39    812
 40    814
 41    580
 42    602
 43    612
 44    634
 45    776
 46    778
 47    808
 48    810
 49    578
 50    604
 51    610
 52    636
 53    772
 54    774
 55    804
 56    806
 57    576
 58    606
 59    608
 60    638
 61    768
 62    770
 63    800
 64    802
