 1   206   1.0   1.0
 2   208   1.0   1.0
 3   238   1.0   1.0
 4   240   1.0   1.0
 5   142   1.0   1.0
 6   144   1.0   1.0
 7   174   1.0   1.0
 8   176   1.0   1.0
 9   204   1.0   1.0
10   210   1.0   1.0
11   236   1.0   1.0
12   242   1.0   1.0
13   140   1.0   1.0
14   146   1.0   1.0
15   172   1.0   1.0
16   178   1.0   1.0
17   202   1.0   1.0
18   212   1.0   1.0
19   234   1.0   1.0
20   244   1.0   1.0
21   138   1.0   1.0
22   148   1.0   1.0
23   170   1.0   1.0
24   180   1.0   1.0
25   200   1.0   1.0
26   214   1.0   1.0
27   232   1.0   1.0
28   246   1.0   1.0
29   136   1.0   1.0
30   150   1.0   1.0
31   168   1.0   1.0
32   182   1.0   1.0
33   198   1.0   1.0
34   216   1.0   1.0
35   230   1.0   1.0
36   248   1.0   1.0
37   134   1.0   1.0
38   152   1.0   1.0
39   166   1.0   1.0
40   184   1.0   1.0
41   196   1.0   1.0
42   218   1.0   1.0
43   228   1.0   1.0
44   250   1.0   1.0
45   132   1.0   1.0
46   154   1.0   1.0
47   164   1.0   1.0
48   186   1.0   1.0
49   194   1.0   1.0
50   220   1.0   1.0
51   226   1.0   1.0
52   252   1.0   1.0
53   130   1.0   1.0
54   156   1.0   1.0
55   162   1.0   1.0
56   188   1.0   1.0
57   192   1.0   1.0
58   222   1.0   1.0
59   224   1.0   1.0
60   254   1.0   1.0
61   128   1.0   1.0
62   158   1.0   1.0
63   160   1.0   1.0
64   190   1.0   1.0
