 1   112   1.0   1.0
 2   110   1.0   1.0
 3    80   1.0   1.0
 4    78   1.0   1.0
 5    48   1.0   1.0
 6    46   1.0   1.0
 7    16   1.0   1.0
 8    14   1.0   1.0
 9   114   1.0   1.0
10   108   1.0   1.0
11    82   1.0   1.0
12    76   1.0   1.0
13    50   1.0   1.0
14    44   1.0   1.0
15    18   1.0   1.0
16    12   1.0   1.0
17   116   1.0   1.0
18   106   1.0   1.0
19    84   1.0   1.0
20    74   1.0   1.0
21    52   1.0   1.0
22    42   1.0   1.0
23    20   1.0   1.0
24    10   1.0   1.0
25   118   1.0   1.0
26   104   1.0   1.0
27    86   1.0   1.0
28    72   1.0   1.0
29    54   1.0   1.0
30    40   1.0   1.0
31    22   1.0   1.0
32     8   1.0   1.0
33   120   1.0   1.0
34   102   1.0   1.0
35    88   1.0   1.0
36    70   1.0   1.0
37    56   1.0   1.0
38    38   1.0   1.0
39    24   1.0   1.0
40     6   1.0   1.0
41   122   1.0   1.0
42   100   1.0   1.0
43    90   1.0   1.0
44    68   1.0   1.0
45    58   1.0   1.0
46    36   1.0   1.0
47    26   1.0   1.0
48     4   1.0   1.0
49   124   1.0   1.0
50    98   1.0   1.0
51    92   1.0   1.0
52    66   1.0   1.0
53    60   1.0   1.0
54    34   1.0   1.0
55    28   1.0   1.0
56     2   1.0   1.0
57   126   1.0   1.0
58    96   1.0   1.0
59    94   1.0   1.0
60    64   1.0   1.0
61    62   1.0   1.0
62    32   1.0   1.0
63    30   1.0   1.0
64     0   1.0   1.0
