 1   496   1.0   1.0
 2   494   1.0   1.0
 3   464   1.0   1.0
 4   462   1.0   1.0
 5   432   1.0   1.0
 6   430   1.0   1.0
 7   400   1.0   1.0
 8   398   1.0   1.0
 9   498   1.0   1.0
10   492   1.0   1.0
11   466   1.0   1.0
12   460   1.0   1.0
13   434   1.0   1.0
14   428   1.0   1.0
15   402   1.0   1.0
16   396   1.0   1.0
17   500   1.0   1.0
18   490   1.0   1.0
19   468   1.0   1.0
20   458   1.0   1.0
21   436   1.0   1.0
22   426   1.0   1.0
23   404   1.0   1.0
24   394   1.0   1.0
25   502   1.0   1.0
26   488   1.0   1.0
27   470   1.0   1.0
28   456   1.0   1.0
29   438   1.0   1.0
30   424   1.0   1.0
31   406   1.0   1.0
32   392   1.0   1.0
33   504   1.0   1.0
34   486   1.0   1.0
35   472   1.0   1.0
36   454   1.0   1.0
37   440   1.0   1.0
38   422   1.0   1.0
39   408   1.0   1.0
40   390   1.0   1.0
41   506   1.0   1.0
42   484   1.0   1.0
43   474   1.0   1.0
44   452   1.0   1.0
45   442   1.0   1.0
46   420   1.0   1.0
47   410   1.0   1.0
48   388   1.0   1.0
49   508   1.0   1.0
50   482   1.0   1.0
51   476   1.0   1.0
52   450   1.0   1.0
53   444   1.0   1.0
54   418   1.0   1.0
55   412   1.0   1.0
56   386   1.0   1.0
57   510   1.0   1.0
58   480   1.0   1.0
59   478   1.0   1.0
60   448   1.0   1.0
61   446   1.0   1.0
62   416   1.0   1.0
63   414   1.0   1.0
64   384   1.0   1.0
