 1   334   1.0   1.0
 2   336   1.0   1.0
 3   366   1.0   1.0
 4   368   1.0   1.0
 5   270   1.0   1.0
 6   272   1.0   1.0
 7   302   1.0   1.0
 8   304   1.0   1.0
 9   332   1.0   1.0
10   338   1.0   1.0
11   364   1.0   1.0
12   370   1.0   1.0
13   268   1.0   1.0
14   274   1.0   1.0
15   300   1.0   1.0
16   306   1.0   1.0
17   330   1.0   1.0
18   340   1.0   1.0
19   362   1.0   1.0
20   372   1.0   1.0
21   266   1.0   1.0
22   276   1.0   1.0
23   298   1.0   1.0
24   308   1.0   1.0
25   328   1.0   1.0
26   342   1.0   1.0
27   360   1.0   1.0
28   374   1.0   1.0
29   264   1.0   1.0
30   278   1.0   1.0
31   296   1.0   1.0
32   310   1.0   1.0
33   326   1.0   1.0
34   344   1.0   1.0
35   358   1.0   1.0
36   376   1.0   1.0
37   262   1.0   1.0
38   280   1.0   1.0
39   294   1.0   1.0
40   312   1.0   1.0
41   324   1.0   1.0
42   346   1.0   1.0
43   356   1.0   1.0
44   378   1.0   1.0
45   260   1.0   1.0
46   282   1.0   1.0
47   292   1.0   1.0
48   314   1.0   1.0
49   322   1.0   1.0
50   348   1.0   1.0
51   354   1.0   1.0
52   380   1.0   1.0
53   258   1.0   1.0
54   284   1.0   1.0
55   290   1.0   1.0
56   316   1.0   1.0
57   320   1.0   1.0
58   350   1.0   1.0
59   352   1.0   1.0
60   382   1.0   1.0
61   256   1.0   1.0
62   286   1.0   1.0
63   288   1.0   1.0
64   318   1.0   1.0
