 1    78   1.0   1.0
 2    80   1.0   1.0
 3   110   1.0   1.0
 4   112   1.0   1.0
 5    14   1.0   1.0
 6    16   1.0   1.0
 7    46   1.0   1.0
 8    48   1.0   1.0
 9    76   1.0   1.0
10    82   1.0   1.0
11   108   1.0   1.0
12   114   1.0   1.0
13    12   1.0   1.0
14    18   1.0   1.0
15    44   1.0   1.0
16    50   1.0   1.0
17    74   1.0   1.0
18    84   1.0   1.0
19   106   1.0   1.0
20   116   1.0   1.0
21    10   1.0   1.0
22    20   1.0   1.0
23    42   1.0   1.0
24    52   1.0   1.0
25    72   1.0   1.0
26    86   1.0   1.0
27   104   1.0   1.0
28   118   1.0   1.0
29     8   1.0   1.0
30    22   1.0   1.0
31    40   1.0   1.0
32    54   1.0   1.0
33    70   1.0   1.0
34    88   1.0   1.0
35   102   1.0   1.0
36   120   1.0   1.0
37     6   1.0   1.0
38    24   1.0   1.0
39    38   1.0   1.0
40    56   1.0   1.0
41    68   1.0   1.0
42    90   1.0   1.0
43   100   1.0   1.0
44   122   1.0   1.0
45     4   1.0   1.0
46    26   1.0   1.0
47    36   1.0   1.0
48    58   1.0   1.0
49    66   1.0   1.0
50    92   1.0   1.0
51    98   1.0   1.0
52   124   1.0   1.0
53     2   1.0   1.0
54    28   1.0   1.0
55    34   1.0   1.0
56    60   1.0   1.0
57    64   1.0   1.0
58    94   1.0   1.0
59    96   1.0   1.0
60   126   1.0   1.0
61     0   1.0   1.0
62    30   1.0   1.0
63    32   1.0   1.0
64    62   1.0   1.0
