 1   240   1.0   1.0
 2   238   1.0   1.0
 3   208   1.0   1.0
 4   206   1.0   1.0
 5   176   1.0   1.0
 6   174   1.0   1.0
 7   144   1.0   1.0
 8   142   1.0   1.0
 9   242   1.0   1.0
10   236   1.0   1.0
11   210   1.0   1.0
12   204   1.0   1.0
13   178   1.0   1.0
14   172   1.0   1.0
15   146   1.0   1.0
16   140   1.0   1.0
17   244   1.0   1.0
18   234   1.0   1.0
19   212   1.0   1.0
20   202   1.0   1.0
21   180   1.0   1.0
22   170   1.0   1.0
23   148   1.0   1.0
24   138   1.0   1.0
25   246   1.0   1.0
26   232   1.0   1.0
27   214   1.0   1.0
28   200   1.0   1.0
29   182   1.0   1.0
30   168   1.0   1.0
31   150   1.0   1.0
32   136   1.0   1.0
33   248   1.0   1.0
34   230   1.0   1.0
35   216   1.0   1.0
36   198   1.0   1.0
37   184   1.0   1.0
38   166   1.0   1.0
39   152   1.0   1.0
40   134   1.0   1.0
41   250   1.0   1.0
42   228   1.0   1.0
43   218   1.0   1.0
44   196   1.0   1.0
45   186   1.0   1.0
46   164   1.0   1.0
47   154   1.0   1.0
48   132   1.0   1.0
49   252   1.0   1.0
50   226   1.0   1.0
51   220   1.0   1.0
52   194   1.0   1.0
53   188   1.0   1.0
54   162   1.0   1.0
55   156   1.0   1.0
56   130   1.0   1.0
57   254   1.0   1.0
58   224   1.0   1.0
59   222   1.0   1.0
60   192   1.0   1.0
61   190   1.0   1.0
62   160   1.0   1.0
63   158   1.0   1.0
64   128   1.0   1.0
