 1   368   1.0   1.0
 2   366   1.0   1.0
 3   336   1.0   1.0
 4   334   1.0   1.0
 5   304   1.0   1.0
 6   302   1.0   1.0
 7   272   1.0   1.0
 8   270   1.0   1.0
 9   370   1.0   1.0
10   364   1.0   1.0
11   338   1.0   1.0
12   332   1.0   1.0
13   306   1.0   1.0
14   300   1.0   1.0
15   274   1.0   1.0
16   268   1.0   1.0
17   372   1.0   1.0
18   362   1.0   1.0
19   340   1.0   1.0
20   330   1.0   1.0
21   308   1.0   1.0
22   298   1.0   1.0
23   276   1.0   1.0
24   266   1.0   1.0
25   374   1.0   1.0
26   360   1.0   1.0
27   342   1.0   1.0
28   328   1.0   1.0
29   310   1.0   1.0
30   296   1.0   1.0
31   278   1.0   1.0
32   264   1.0   1.0
33   376   1.0   1.0
34   358   1.0   1.0
35   344   1.0   1.0
36   326   1.0   1.0
37   312   1.0   1.0
38   294   1.0   1.0
39   280   1.0   1.0
40   262   1.0   1.0
41   378   1.0   1.0
42   356   1.0   1.0
43   346   1.0   1.0
44   324   1.0   1.0
45   314   1.0   1.0
46   292   1.0   1.0
47   282   1.0   1.0
48   260   1.0   1.0
49   380   1.0   1.0
50   354   1.0   1.0
51   348   1.0   1.0
52   322   1.0   1.0
53   316   1.0   1.0
54   290   1.0   1.0
55   284   1.0   1.0
56   258   1.0   1.0
57   382   1.0   1.0
58   352   1.0   1.0
59   350   1.0   1.0
60   320   1.0   1.0
61   318   1.0   1.0
62   288   1.0   1.0
63   286   1.0   1.0
64   256   1.0   1.0
