 1   462   1.0   1.0
 2   464   1.0   1.0
 3   494   1.0   1.0
 4   496   1.0   1.0
 5   398   1.0   1.0
 6   400   1.0   1.0
 7   430   1.0   1.0
 8   432   1.0   1.0
 9   460   1.0   1.0
10   466   1.0   1.0
11   492   1.0   1.0
12   498   1.0   1.0
13   396   1.0   1.0
14   402   1.0   1.0
15   428   1.0   1.0
16   434   1.0   1.0
17   458   1.0   1.0
18   468   1.0   1.0
19   490   1.0   1.0
20   500   1.0   1.0
21   394   1.0   1.0
22   404   1.0   1.0
23   426   1.0   1.0
24   436   1.0   1.0
25   456   1.0   1.0
26   470   1.0   1.0
27   488   1.0   1.0
28   502   1.0   1.0
29   392   1.0   1.0
30   406   1.0   1.0
31   424   1.0   1.0
32   438   1.0   1.0
33   454   1.0   1.0
34   472   1.0   1.0
35   486   1.0   1.0
36   504   1.0   1.0
37   390   1.0   1.0
38   408   1.0   1.0
39   422   1.0   1.0
40   440   1.0   1.0
41   452   1.0   1.0
42   474   1.0   1.0
43   484   1.0   1.0
44   506   1.0   1.0
45   388   1.0   1.0
46   410   1.0   1.0
47   420   1.0   1.0
48   442   1.0   1.0
49   450   1.0   1.0
50   476   1.0   1.0
51   482   1.0   1.0
52   508   1.0   1.0
53   386   1.0   1.0
54   412   1.0   1.0
55   418   1.0   1.0
56   444   1.0   1.0
57   448   1.0   1.0
58   478   1.0   1.0
59   480   1.0   1.0
60   510   1.0   1.0
61   384   1.0   1.0
62   414   1.0   1.0
63   416   1.0   1.0
64   446   1.0   1.0
